version https://git-lfs.github.com/spec/v1
oid sha256:206169fdf17b96463cffbd70ac713f6b5587603c8886e33b675c11ba7a010410
size 420
